bandwidth=0.000000
log_quota=0.000000
quota=139.617
